Random Walk Algorithm - m = 6 size = 1-25
Performance:  [100.0, 75.0, 55.55555555555556, 50.0, 52.0, 58.333333333333336, 53.06122448979592, 50.0, 50.617283950617285, 48.0, 48.760330578512395, 50.69444444444444, 49.112426035502956, 48.46938775510204, 48.888888888888886, 48.046875, 48.09688581314879, 48.76543209876543, 48.199445983379505, 47.0, 48.52607709750567, 47.52066115702479, 48.20415879017013, 48.09027777777778, 47.36]
Runtime:  [0.01860952377319336, 4.601478576660156e-05, 0.038880348205566406, 0.03885054588317871, 0.03901410102844238, 0.035912513732910156, 0.0041310787200927734, 0.07922768592834473, 0.06208682060241699, 0.06021833419799805, 0.12312173843383789, 0.09029865264892578, 0.20354008674621582, 0.18725371360778809, 0.17830896377563477, 0.20539093017578125, 0.2360086441040039, 0.38730692863464355, 0.19389104843139648, 0.43416643142700195, 0.4148671627044678, 0.4833714962005615, 0.44649243354797363, 0.5596516132354736, 0.7861318588256836]

Block Algorithm - m=6 size = 1-25(multiples of 3)
Performance:  [66.66666666666666, 61.111111111111114, 45.67901234567901, 37.5, 42.66666666666667, 45.67901234567901, 41.043083900226755, 37.5]
Runtime:  [0.00013637542724609375, 5.936622619628906e-05, 0.00011038780212402344, 0.00017571449279785156, 0.00025272369384765625, 0.00022125244140625, 0.0003981590270996094, 0.0005190372467041016]

Set Cover Algorithm - m=6 size 1-20
Performance: [100.0, 100.0, 66.66666666666667, 75.0, 68.0, 66.66666666666667, 65.3061224489796, 68.75, 65.4320987654321, 65.0, 65.2892561983471, 64.58333333333333, 63.905325443786985, 63.265306122448976, 63.111111111111114, 64.0625, 63.667820069204154, 63.58024691358025, 62.880886426592795, 62.5]
Runtime:  [0.015488386154174805, 0.016855716705322266, 0.02015066146850586, 0.051978111267089844, 0.14658784866333008, 0.37216687202453613, 0.8875999450683594, 1.62819242477417, 3.3311002254486084, 5.720464468002319, 9.093540906906128, 12.810505628585815, 19.152564525604248, 26.630216598510742, 38.30577349662781, 54.74923753738403, 73.58126664161682, 95.65671443939209, 129.5248441696167, 164.22865271568298]

Baseline - m=6 size 1-25
[100.0, 50.0, 66.66666666666666, 50.0, 60.0, 50.0, 48.97959183673469, 43.75, 49.382716049382715, 45.0, 49.586776859504134, 45.83333333333333, 49.70414201183432, 42.857142857142854, 46.22222222222222, 43.75, 46.71280276816609, 44.44444444444444, 47.091412742382275, 45.0, 44.89795918367347, 43.18181818181818, 45.36862003780718, 43.75, 45.76]

Block - size=21 m = 1-10
Performance:  [27.43764172335601, 22.22222222222222, 33.33333333333333, 44.44444444444444, 35.374149659863946, 41.043083900226755, 46.71201814058957, 52.38095238095239, 58.049886621315196, 43.76417233560091]
Runtime:  [0.00021576881408691406, 0.00015735626220703125, 0.0001842975616455078, 0.0002071857452392578, 0.00015354156494140625, 0.0001621246337890625, 0.0001811981201171875, 0.00018835067749023438, 0.00020241737365722656, 0.00015592575073242188]

Random Walk - size = 21 m = 1-10
Performance:  [37.641723356009074, 41.043083900226755, 42.857142857142854, 45.80498866213152, 48.52607709750567, 49.43310657596372, 49.88662131519274, 50.34013605442177, 51.70068027210884, 53.06122448979592]
Runtime:  [0.013790369033813477, 0.18854951858520508, 0.2723109722137451, 0.27086448669433594, 0.5427956581115723, 0.33536505699157715, 0.4868314266204834, 0.3586301803588867, 0.6878781318664551, 0.6863219738006592]

Baseline - size =21 m =1- 10
[27.43764172335601, 34.92063492063492, 39.909297052154194, 42.40362811791383, 44.89795918367347, 44.89795918367347, 47.3922902494331, 47.3922902494331, 47.3922902494331, 49.88662131519274]

Set Cover size = 21 m = 1-8
Performance: [50.11337868480726, 50.34013605442177, 51.92743764172336, 55.55555555555556, 60.997732426303855, 61.904761904761905, 64.39909297052154, 65.3061224489796]
Runtime:  [0.1528019905090332, 0.2657160758972168, 0.5125837326049805, 2.3756096363067627, 3.972865104675293, 13.382175922393799, 44.93125581741333, 166.62617659568787]
